Multiple size <= 100
TEST 1 ARG:68 43 17 20 97 16 35 22 8 89 38 78 21 27 82 69 63 48 87 60 99 59 7 84 58 13 77 57 98 55 23 80 62 75 76 28 96 53 36 91 88 92 37 12 14 41 56 64 6 50 26 44 25 93 33 1 81 79 70 71 9 30 90 45 32 83 72 42 74 47 39 15 86 4 34 51 95 65 10 54 85 61 3 24 94 67 73 5 46 52 19 2 29 0 49 31 66 40 18 11 
TEST 2 ARG:85 79 64 63 90 52 22 31 28 16 96 88 98 47 20 89 13 91 58 11 27 21 6 87 72 70 74 44 23 42 55 95 66 19 17 62 71 67 45 49 65 36 80 93 15 94 68 34 2 35 38 5 37 30 0 26 1 76 46 10 9 32 78 69 40 50 33 60 43 48 18 86 82 56 14 8 61 77 75 25 97 53 59 83 57 7 81 24 4 99 92 54 29 51 39 3 84 73 41 12 
TEST 3 ARG:19 73 24 93 65 76 25 89 5 43 11 44 55 84 63 34 96 56 8 29 86 53 74 80 0 70 99 15 17 23 38 61 57 18 33 87 32 95 26 94 49 37 7 51 35 30 54 40 48 42 9 68 82 98 36 21 27 77 14 39 10 67 88 45 41 83 50 2 69 22 66 79 62 97 71 1 31 46 52 64 75 16 60 81 6 92 59 4 20 85 78 12 91 90 58 3 13 28 47 72 
TEST 4 ARG:65 49 11 33 34 19 26 39 43 57 9 62 12 89 46 27 55 56 93 23 15 29 13 69 7 68 10 40 77 63 87 88 95 30 84 60 31 21 97 37 6 91 53 80 70 90 42 35 61 51 3 0 18 78 74 22 52 20 48 41 44 72 94 17 16 96 98 64 4 66 28 47 92 79 32 76 54 2 25 82 36 75 58 45 99 73 67 59 86 81 50 24 71 1 14 5 8 38 85 83 
TEST 5 ARG:11 20 30 87 38 15 76 1 37 54 93 8 92 81 3 45 48 19 95 70 24 32 63 14 21 2 69 50 13 39 35 40 77 53 98 36 29 71 41 88 89 61 90 62 78 34 85 83 16 72 67 17 10 5 25 9 0 66 99 59 86 97 91 44 56 47 27 43 31 49 12 82 7 94 28 46 22 26 58 60 6 42 65 57 23 64 96 52 75 4 18 84 74 55 51 80 68 73 79 33 
TEST 6 ARG:78 23 15 46 71 28 70 1 88 94 41 2 73 72 40 54 25 83 51 86 8 85 97 53 91 64 67 56 7 35 84 55 45 16 79 99 19 6 24 49 30 63 52 42 36 61 3 34 33 11 77 29 31 74 37 93 50 75 14 0 20 59 12 13 4 44 18 26 27 98 39 92 48 66 90 58 43 82 47 87 10 65 21 69 76 38 60 62 57 32 68 17 81 96 5 22 95 89 9 80 
TEST 7 ARG:65 53 58 5 15 87 61 63 36 1 28 78 39 45 26 71 13 92 7 68 37 40 6 94 27 84 19 79 76 43 46 89 44 23 98 41 31 20 21 42 59 33 11 2 82 90 86 99 80 50 56 4 35 24 95 85 38 60 9 97 49 57 69 88 96 81 75 52 18 67 66 64 32 72 93 10 70 16 29 0 54 77 8 30 17 91 22 74 55 14 34 73 83 51 12 3 47 25 48 62 
TEST 8 ARG:55 93 14 16 63 34 40 17 36 66 85 11 15 33 57 20 29 47 74 5 91 21 53 2 7 3 67 71 61 73 84 64 25 42 82 88 83 68 94 81 31 23 92 39 59 96 9 72 75 77 26 76 32 69 89 51 52 13 18 60 62 99 8 10 38 12 87 19 37 28 56 1 95 43 24 70 49 58 27 41 44 22 0 6 98 46 35 86 48 4 90 65 97 78 50 79 54 80 45 30 
TEST 9 ARG:17 5 89 52 44 73 40 96 36 65 98 90 26 58 1 87 57 22 7 95 69 21 60 12 75 3 30 33 85 9 54 14 82 16 59 55 80 79 31 97 94 25 4 29 66 8 51 28 11 93 61 24 18 19 81 39 71 38 35 74 13 86 92 72 43 68 91 37 84 49 2 62 10 48 64 27 34 32 0 15 76 42 77 83 56 99 78 70 53 47 41 67 88 20 46 6 45 63 50 23 
TEST 10 ARG:95 28 74 91 33 90 77 68 72 34 97 63 38 49 75 62 11 15 51 50 30 73 53 67 16 58 8 96 22 23 55 18 71 0 80 6 99 47 87 61 13 81 45 35 64 86 2 98 85 69 56 24 78 7 5 20 12 93 3 37 66 88 44 82 54 14 57 83 29 21 59 31 46 65 39 10 9 41 42 43 79 92 60 94 25 36 48 70 76 4 19 89 84 26 17 40 1 32 27 52 
TEST 11 ARG:90 14 2 81 50 48 63 45 95 56 58 64 30 54 0 16 32 19 86 15 52 39 5 92 21 43 61 96 34 36 10 46 99 78 29 1 11 42 83 13 6 84 8 17 40 41 3 31 51 62 75 59 26 88 4 77 89 12 79 20 65 69 23 70 55 49 28 73 80 71 60 94 97 76 74 22 87 67 82 98 91 24 9 57 85 53 37 7 72 93 33 47 18 44 25 68 66 38 27 35 
TEST 12 ARG:29 3 41 26 68 43 5 74 75 34 58 72 8 83 24 25 90 20 92 65 12 6 99 81 88 13 87 52 69 48 23 63 93 38 11 7 21 31 0 62 28 18 59 45 33 85 30 16 36 44 50 51 82 56 89 97 71 32 2 73 42 57 49 14 70 91 79 80 27 53 94 35 46 4 78 61 86 15 10 67 55 95 60 39 1 96 54 98 37 64 22 84 17 77 76 40 66 9 47 19 
TEST 13 ARG:39 4 10 72 93 70 67 40 5 12 76 17 77 13 34 90 33 27 80 15 88 65 85 30 24 19 49 99 42 16 82 26 0 11 58 47 59 94 48 71 37 62 64 50 51 73 86 68 79 2 61 56 1 18 9 25 44 3 8 83 87 75 22 28 6 53 38 84 46 54 52 63 57 23 60 43 21 89 74 97 31 14 91 81 32 98 7 45 35 96 29 55 41 66 36 92 20 69 78 95 
TEST 14 ARG:39 90 35 85 8 87 43 12 86 11 84 10 15 70 63 78 1 44 23 38 17 28 83 27 21 57 49 41 77 7 93 36 79 33 46 29 55 54 95 65 2 0 53 88 74 89 25 32 82 94 98 22 26 81 68 99 5 37 80 60 24 73 52 18 13 19 16 6 62 34 9 69 14 59 61 20 40 31 96 42 71 50 64 97 3 45 91 92 58 75 76 4 30 48 67 56 72 51 66 47 
TEST 15 ARG:17 53 16 71 21 60 4 14 57 49 81 98 78 75 73 56 23 85 40 41 68 20 67 80 29 72 8 38 39 36 46 12 22 65 3 30 42 45 15 51 99 79 6 18 52 76 90 55 93 10 82 27 28 25 62 26 66 5 43 2 86 9 37 47 89 63 0 69 13 83 48 96 1 92 58 34 97 61 7 95 84 91 87 88 33 59 32 44 35 50 19 77 94 70 24 74 64 11 54 31 
TEST 16 ARG:99 26 55 87 72 37 0 32 77 68 4 73 97 39 89 40 46 21 3 84 28 82 10 35 60 58 57 41 44 30 94 98 74 47 54 65 86 78 90 13 11 6 25 24 33 59 34 50 80 56 61 76 85 91 16 31 15 1 96 75 43 51 53 22 81 8 70 71 93 2 66 63 83 92 27 5 14 67 18 20 36 49 23 45 64 95 12 88 19 42 62 17 48 7 29 38 79 9 52 69 
TEST 17 ARG:12 53 2 68 60 17 54 71 3 77 78 64 48 75 32 39 30 23 45 92 47 41 61 97 93 29 56 42 59 10 76 70 51 98 69 25 14 36 83 46 40 19 8 66 94 81 65 1 44 88 99 9 26 85 34 63 37 0 72 6 28 27 11 86 4 84 5 67 24 80 18 22 73 33 49 57 96 20 15 35 21 31 58 55 89 74 90 50 16 82 38 7 52 79 87 13 43 62 91 95 
TEST 18 ARG:35 37 14 10 51 57 42 1 70 3 89 25 74 4 73 55 8 82 83 49 44 28 63 61 9 76 38 33 11 15 56 46 21 41 12 79 39 65 94 34 72 68 67 80 64 62 20 66 43 84 26 59 18 53 86 69 81 95 93 71 98 40 75 31 90 7 16 58 30 96 5 77 78 50 24 6 85 47 32 23 52 0 2 91 36 22 97 13 29 88 87 99 60 17 48 54 92 45 27 19 
TEST 19 ARG:66 98 93 8 70 46 64 13 59 54 6 18 82 91 37 75 61 53 14 89 44 43 47 67 58 48 4 11 84 38 0 63 52 42 87 90 34 68 76 2 16 77 30 35 32 31 81 71 95 55 15 26 25 40 94 65 21 24 36 72 88 79 41 96 80 85 92 69 51 49 17 9 5 99 3 86 23 22 10 57 50 1 33 97 74 56 12 83 27 45 78 20 60 62 28 19 39 29 7 73 
TEST 20 ARG:7 17 92 45 47 81 89 60 23 20 15 31 22 75 51 32 41 80 6 8 33 67 69 38 87 77 2 78 42 43 55 94 59 97 24 9 73 57 95 37 70 76 71 53 36 46 11 79 82 56 10 30 0 13 85 52 83 5 88 44 74 86 64 84 4 18 29 66 93 98 68 34 65 39 54 40 19 16 50 90 48 91 96 14 63 12 26 21 49 61 1 25 58 27 99 28 72 3 35 62 
TEST 21 ARG:47 34 14 97 26 48 53 81 30 89 23 63 61 16 6 68 72 65 92 66 70 5 58 11 19 77 82 87 3 36 71 28 90 32 73 52 45 95 78 10 94 9 12 20 35 18 2 51 80 44 54 50 31 98 4 86 38 37 17 21 57 42 13 85 99 60 41 84 1 7 49 75 22 67 25 69 0 83 62 91 15 74 46 8 76 40 64 29 56 88 24 33 27 43 59 93 55 79 96 39 
TEST 22 ARG:66 23 59 31 99 22 82 43 55 11 54 89 34 45 56 10 69 33 50 28 0 30 76 72 40 13 68 14 18 41 19 86 27 26 74 8 39 67 57 25 97 80 88 42 79 51 46 85 32 16 1 36 71 29 92 12 78 48 81 17 73 9 61 35 38 52 58 37 49 98 21 93 20 6 83 2 96 70 3 65 47 64 53 15 24 87 63 4 5 7 60 95 44 62 94 84 90 77 75 91 
TEST 23 ARG:4 78 89 21 95 62 8 13 98 48 92 79 94 9 61 75 27 2 60 37 49 1 73 44 74 58 66 56 20 82 46 86 25 40 45 47 29 65 3 50 64 85 7 54 6 32 24 70 57 30 5 96 63 15 80 11 83 28 22 77 16 36 87 97 72 23 10 43 0 42 69 39 55 51 84 18 34 67 31 76 59 71 26 99 19 81 93 41 35 12 17 53 90 91 33 38 52 88 68 14 
TEST 24 ARG:72 74 94 41 15 40 23 56 46 36 22 38 42 78 13 68 69 90 63 34 1 52 84 10 50 79 21 24 44 19 99 53 76 27 91 43 28 31 25 6 54 97 87 32 11 9 18 4 39 5 73 82 58 20 75 29 65 33 62 67 59 47 12 98 17 37 88 48 35 70 95 16 45 14 49 26 51 60 89 77 61 2 64 81 66 8 83 92 7 0 85 80 86 30 3 55 93 96 71 57 
TEST 25 ARG:96 64 66 10 94 68 32 28 75 54 46 22 30 25 42 38 40 45 55 26 57 78 89 86 31 77 18 9 4 20 51 91 95 58 50 84 2 47 87 1 12 88 53 62 65 49 3 80 74 98 48 33 11 43 15 93 27 17 5 69 70 90 59 67 29 61 73 39 41 14 72 63 44 83 21 36 56 52 35 16 34 81 24 37 60 82 6 13 76 71 8 92 19 23 0 7 85 97 99 79 
TEST 26 ARG:52 18 70 4 22 34 73 74 91 64 86 9 19 54 42 25 50 87 16 58 84 71 57 27 95 93 98 96 55 35 32 23 69 8 77 79 6 61 20 0 15 63 60 81 89 5 44 78 21 92 66 80 51 2 45 41 11 37 48 40 49 38 56 26 43 13 47 1 97 53 7 36 88 72 83 28 24 39 12 94 75 90 17 10 68 76 30 85 65 59 46 29 31 99 3 14 82 67 33 62 
TEST 27 ARG:51 95 69 99 67 47 66 68 82 46 61 80 91 15 5 26 30 52 4 62 21 87 32 70 19 6 40 98 25 12 11 60 2 44 29 13 74 45 85 89 49 97 83 38 90 81 10 36 63 7 79 71 93 88 78 56 17 3 16 43 54 64 75 34 9 31 76 42 41 84 58 57 28 35 24 39 96 59 53 92 86 18 65 37 48 72 8 77 27 73 1 23 94 33 20 0 14 50 22 55 
TEST 28 ARG:80 15 13 92 96 51 45 75 97 5 10 7 6 34 3 91 62 19 12 1 73 66 50 77 61 83 16 11 74 99 38 31 88 20 2 17 4 25 70 89 60 37 98 67 64 40 87 52 29 8 82 78 57 47 94 93 53 90 32 54 30 21 9 72 18 48 22 86 36 71 33 68 65 42 39 69 27 44 26 59 28 49 58 81 35 14 43 63 95 79 23 84 55 85 76 0 41 24 56 46 
TEST 29 ARG:2 58 8 88 51 63 25 3 29 61 49 4 48 84 34 18 67 7 21 9 1 11 91 26 86 22 35 46 95 16 12 52 83 71 10 77 82 39 40 42 90 53 70 66 23 62 69 27 78 17 37 89 93 81 80 41 74 65 31 57 87 36 6 24 79 96 15 99 60 98 55 72 0 56 28 32 73 44 38 30 20 94 33 54 68 14 43 45 59 97 85 13 92 50 64 19 5 75 76 47 
TEST 30 ARG:53 3 54 89 86 66 82 38 81 68 39 92 52 31 41 32 70 6 67 17 50 79 49 48 95 37 5 93 84 22 2 9 91 78 19 43 0 76 72 80 27 15 75 7 45 65 98 74 10 20 13 44 28 18 58 59 11 16 64 26 57 8 21 71 30 12 56 83 97 33 24 1 96 40 34 36 42 35 87 94 55 90 85 46 69 25 47 61 51 88 73 99 77 62 4 23 63 14 29 60 
TEST 31 ARG:9 1 58 82 24 33 80 45 92 94 86 57 87 44 34 75 97 13 14 23 11 49 71 31 95 99 65 40 38 66 55 28 68 6 10 12 5 61 70 22 43 30 17 20 32 52 4 83 96 89 54 35 60 46 81 72 77 85 90 64 25 62 2 76 69 98 3 67 47 41 51 0 15 21 63 37 88 84 26 39 29 48 59 7 36 78 50 8 53 74 18 93 73 16 42 19 91 79 27 56 
TEST 32 ARG:65 16 84 19 22 59 96 83 79 46 30 23 44 76 20 89 0 6 74 92 28 3 77 15 69 42 98 5 66 17 51 21 99 40 73 14 94 68 64 60 78 12 72 52 39 95 13 10 50 58 1 85 82 62 86 24 26 55 29 33 32 11 38 35 54 48 63 90 8 18 56 80 67 70 27 88 71 93 31 87 57 61 75 91 43 34 45 47 97 53 41 4 37 7 2 49 25 81 36 9 
TEST 33 ARG:56 12 58 95 81 98 1 86 72 74 57 53 29 71 42 40 96 68 87 26 90 51 31 48 39 83 5 3 16 24 9 93 8 55 44 73 4 20 36 75 17 65 76 2 78 97 79 61 28 47 34 13 41 88 99 32 27 38 15 6 63 37 10 21 7 77 50 91 14 18 23 69 0 85 92 80 30 33 49 19 94 54 25 52 62 22 64 43 59 35 45 60 11 84 46 89 67 66 82 70 
TEST 34 ARG:29 76 95 39 63 15 24 91 21 18 98 77 71 81 65 79 87 88 73 37 23 17 75 5 96 92 30 8 10 90 25 61 58 42 56 48 74 53 51 55 93 22 59 97 1 80 36 89 34 16 68 19 9 26 67 44 57 94 70 27 7 54 62 11 6 46 14 38 33 99 45 13 49 3 28 2 35 85 40 72 66 31 47 41 84 60 4 0 43 32 69 50 86 83 64 78 20 52 12 82 
TEST 35 ARG:28 63 79 82 4 42 24 8 12 66 35 86 7 68 96 87 57 14 49 88 18 56 1 44 43 81 69 83 85 95 36 84 39 65 34 25 10 3 33 73 2 37 26 27 71 54 50 67 17 32 13 47 16 38 23 99 94 20 62 80 29 45 64 51 41 59 98 75 21 70 97 53 15 6 92 9 61 72 55 40 58 90 46 78 19 30 60 76 77 93 5 48 52 22 0 89 74 31 11 91 
TEST 36 ARG:5 67 4 29 52 94 39 35 6 83 85 13 78 69 96 72 34 63 79 98 62 75 44 1 51 33 18 3 26 37 89 12 70 21 74 56 81 65 80 20 92 68 55 23 90 36 14 88 61 40 25 59 99 64 38 8 93 49 48 11 87 66 76 58 91 47 17 28 54 43 95 30 46 9 41 86 60 42 50 19 84 0 57 16 24 31 15 45 82 7 27 71 2 10 22 77 32 53 73 97 
TEST 37 ARG:48 61 56 67 87 86 76 83 60 50 33 41 24 5 37 45 69 39 65 49 46 0 43 72 32 99 26 63 22 4 89 79 12 75 6 96 8 91 11 25 9 17 29 85 20 7 10 95 27 14 74 58 16 94 54 34 88 47 1 57 42 55 73 68 70 92 98 44 93 36 2 23 62 84 81 77 18 35 66 52 3 40 28 19 64 30 15 71 53 78 51 80 90 59 38 97 82 31 21 13 
TEST 38 ARG:41 50 7 87 63 43 94 72 10 69 62 19 70 65 45 57 35 1 61 4 39 6 99 37 48 9 97 98 90 67 32 44 21 16 78 38 3 76 82 71 77 27 34 79 88 33 23 93 17 55 74 52 26 49 30 53 91 14 56 58 46 54 81 28 85 5 84 80 83 59 86 36 8 92 2 42 24 64 31 11 75 12 89 15 22 0 47 73 40 95 13 60 20 29 18 68 96 66 25 51 
TEST 39 ARG:44 22 55 36 29 7 74 35 96 66 63 53 49 43 60 46 67 62 82 9 28 64 23 6 81 80 72 13 71 17 56 88 77 79 39 18 45 42 34 41 54 33 70 38 27 31 95 47 98 93 0 21 90 25 59 16 40 97 24 37 61 30 58 51 75 14 69 57 19 1 99 68 76 73 4 83 5 87 10 85 94 12 65 20 3 78 26 2 8 89 48 86 11 15 32 50 84 91 52 92 
TEST 40 ARG:44 80 77 28 83 99 72 4 49 81 51 82 96 30 40 33 35 46 3 31 62 29 32 52 25 18 21 78 20 89 19 93 37 7 38 6 95 58 14 91 84 55 2 13 57 43 85 22 5 86 9 67 50 87 56 70 42 66 34 39 8 75 16 76 97 23 79 0 45 10 59 63 68 54 53 94 65 61 88 12 11 69 92 27 26 74 17 1 47 41 90 64 15 71 24 60 73 36 48 98 
TEST 41 ARG:97 11 2 90 13 51 31 39 84 44 18 57 68 3 88 37 65 60 64 30 61 86 10 81 23 55 67 34 91 4 70 26 5 54 21 96 58 66 20 71 7 14 78 36 62 89 17 25 69 8 56 76 48 52 12 99 24 27 59 85 42 35 43 80 0 92 93 9 79 77 28 75 82 98 94 83 95 46 16 15 87 41 19 72 45 40 47 32 74 22 29 49 50 63 1 73 38 53 33 6 
TEST 42 ARG:55 63 69 58 18 59 62 19 57 74 5 46 92 20 37 13 93 84 94 78 33 89 25 88 3 64 38 97 99 44 76 9 86 8 79 31 41 1 7 47 48 43 96 51 12 35 83 75 87 16 27 24 28 70 95 71 60 90 65 2 81 72 14 66 23 68 67 0 11 4 26 53 49 73 52 85 29 50 22 30 91 39 82 80 61 32 15 40 42 6 10 34 21 77 45 17 36 98 54 56 
TEST 43 ARG:49 36 16 73 66 87 39 0 83 34 48 44 82 41 88 24 72 45 61 55 93 31 90 40 50 6 9 80 76 27 46 96 59 58 29 92 26 33 1 52 14 42 23 91 11 89 78 75 64 74 62 5 57 86 7 69 47 18 28 79 20 43 21 2 85 97 67 30 99 65 22 95 94 54 10 8 77 70 98 81 13 12 3 51 15 32 56 17 35 63 38 53 68 25 84 71 37 4 60 19 
TEST 44 ARG:36 42 21 40 62 18 31 81 20 6 35 91 95 37 83 74 54 25 27 19 43 7 52 87 4 61 14 26 24 93 23 41 3 88 57 90 9 80 34 72 82 48 85 38 76 89 73 39 11 59 32 5 69 63 98 71 22 66 30 28 97 99 96 75 17 86 92 68 51 56 50 53 78 29 84 79 55 10 12 8 47 15 45 33 77 13 60 44 2 0 58 70 46 1 65 64 67 16 94 49 
TEST 45 ARG:85 64 14 54 39 37 55 98 47 60 40 90 34 89 19 30 79 11 83 12 16 1 26 35 58 13 0 2 9 76 59 70 38 18 78 25 46 53 84 66 33 72 41 7 67 71 96 81 74 49 86 36 27 10 95 21 4 8 43 17 15 48 51 31 94 87 63 24 28 61 44 97 88 99 69 82 42 23 62 56 57 5 52 3 77 45 20 65 32 73 68 22 91 75 50 92 80 6 93 29 
TEST 46 ARG:49 24 17 84 92 64 26 77 25 62 98 70 93 40 66 32 45 13 71 94 7 96 22 79 21 34 18 81 51 41 57 2 10 0 37 4 73 52 53 23 68 61 95 80 76 50 43 30 75 38 78 39 63 9 44 20 33 88 55 28 72 91 82 6 36 59 46 85 14 83 74 86 42 47 5 65 16 67 89 60 48 69 12 8 99 97 35 87 29 1 27 15 19 56 54 3 90 11 31 58 
TEST 47 ARG:56 68 66 21 75 46 20 96 43 65 15 57 81 59 24 32 27 52 72 76 2 50 80 47 9 73 10 3 93 61 34 28 82 38 87 51 7 60 79 19 18 30 62 90 77 44 53 83 48 1 49 5 69 37 45 94 11 63 95 31 16 42 55 35 92 67 4 39 40 33 0 41 91 78 84 14 64 22 54 17 29 74 86 8 26 85 98 89 25 88 6 13 70 58 97 36 71 99 23 12 
TEST 48 ARG:40 76 46 69 87 6 81 51 34 33 97 36 43 20 13 79 67 82 90 42 3 41 22 65 96 93 68 37 1 9 58 78 73 55 45 52 18 47 21 95 62 48 83 88 23 24 71 7 16 27 94 32 98 12 56 29 26 57 2 28 15 72 14 75 63 11 31 74 8 44 99 85 17 59 61 54 60 39 50 86 92 5 25 64 30 4 19 80 35 89 10 77 84 49 70 66 91 0 53 38 
TEST 49 ARG:73 94 26 10 60 12 3 29 19 77 92 62 91 48 82 2 7 17 9 20 39 47 6 55 46 1 35 5 96 52 13 88 45 25 14 66 43 40 67 57 11 81 63 27 44 80 38 58 74 89 78 8 34 59 41 53 75 56 31 51 72 68 32 28 4 24 33 30 15 70 84 54 42 87 71 99 23 83 95 90 69 21 93 61 79 98 49 37 86 50 97 76 18 22 85 36 16 65 64 0 
TEST 50 ARG:4 76 25 80 88 84 27 24 52 9 37 91 22 55 85 79 47 13 96 46 26 11 97 18 33 16 39 51 81 31 60 38 95 92 69 14 67 70 62 42 53 5 2 82 7 6 30 41 48 73 99 74 64 32 59 58 83 40 35 50 89 66 23 3 90 75 8 93 57 72 45 15 56 71 86 44 87 0 43 78 28 49 54 19 21 29 20 36 12 1 94 68 17 63 77 65 98 10 34 61 
TEST 51 ARG:76 38 69 87 61 55 37 3 80 40 58 51 72 77 59 89 96 68 66 10 28 12 36 63 16 98 9 64 2 1 48 5 7 92 21 52 19 42 46 88 78 75 22 93 83 23 25 82 62 8 4 35 41 73 95 18 31 24 34 43 47 49 45 81 39 94 54 26 67 32 0 29 13 30 50 56 97 70 84 60 20 27 53 44 11 17 71 15 91 6 79 65 86 85 33 90 74 57 14 99 
TEST 52 ARG:16 1 59 57 66 2 39 48 69 36 11 55 76 68 98 3 79 80 54 14 8 4 34 73 62 70 47 87 43 42 97 33 95 30 40 18 6 82 25 9 15 64 28 29 84 71 61 17 0 46 50 51 23 31 96 35 21 53 75 92 60 41 24 27 89 56 72 44 19 22 99 38 5 74 20 7 49 52 13 81 93 26 32 94 10 12 67 86 45 58 90 85 63 88 91 78 37 77 65 83 
TEST 53 ARG:81 72 12 29 83 86 93 3 92 21 50 90 4 6 2 95 73 0 78 61 80 7 11 99 42 38 44 66 85 5 74 65 57 19 40 47 69 67 23 10 33 64 41 28 96 84 24 60 32 63 87 16 39 97 20 35 45 22 76 36 8 9 98 77 51 56 75 46 37 55 43 88 48 14 30 25 82 91 94 54 17 71 49 13 53 31 15 59 70 18 1 62 68 79 26 89 52 58 34 27 
TEST 54 ARG:18 71 69 76 67 37 98 21 35 17 95 47 45 41 66 85 52 31 11 34 78 23 56 70 42 2 20 91 43 9 88 27 53 64 97 81 49 87 84 74 77 73 4 29 33 1 0 10 68 14 28 15 62 57 79 61 82 26 36 99 7 60 93 44 22 24 3 83 94 50 8 48 6 19 16 13 30 63 25 38 92 89 58 75 59 65 32 51 39 80 86 54 12 96 72 90 55 46 5 40 
TEST 55 ARG:37 5 32 93 39 52 94 82 53 68 89 62 34 86 24 73 87 75 1 7 90 16 71 77 78 42 56 60 14 6 61 28 45 95 17 21 25 22 8 96 59 41 26 3 76 47 65 58 50 13 69 98 97 79 88 20 81 43 70 48 46 80 91 19 74 55 2 29 85 38 99 27 54 57 66 36 31 72 11 9 67 49 10 63 51 44 84 0 4 12 30 23 64 83 40 92 35 18 15 33 
TEST 56 ARG:5 52 80 49 56 37 27 10 92 47 21 70 38 75 89 99 14 20 82 0 91 61 43 11 23 17 13 30 83 85 90 31 53 2 4 96 77 74 40 69 94 46 18 84 36 88 22 59 45 98 72 97 57 93 19 67 24 64 62 28 7 44 42 35 1 81 41 54 65 73 86 60 79 58 66 95 63 16 68 71 8 51 15 34 78 3 87 9 25 39 55 50 32 76 33 26 29 12 6 48 
TEST 57 ARG:76 5 23 16 67 60 29 20 22 42 98 59 46 11 15 13 41 28 53 48 96 17 89 2 14 91 61 6 19 44 52 31 57 40 72 32 3 71 12 4 37 94 21 88 85 74 73 84 78 18 65 45 49 35 30 33 58 80 34 8 54 86 24 51 99 10 47 77 82 63 9 83 43 90 87 1 66 93 0 50 68 97 27 39 79 70 38 26 92 25 62 95 75 56 81 64 69 55 36 7 
TEST 58 ARG:76 70 5 28 86 34 57 27 15 39 60 24 75 18 64 10 95 38 98 53 11 50 65 78 43 21 6 82 58 36 56 33 89 46 48 47 72 8 59 40 69 19 31 1 77 17 67 30 90 49 41 68 81 92 9 80 37 3 55 54 14 22 45 0 32 2 26 94 29 85 51 13 87 74 61 71 25 20 7 99 16 97 66 4 88 52 73 84 12 62 79 96 35 83 23 42 91 93 44 63 
TEST 59 ARG:42 72 89 28 51 31 79 49 47 27 10 55 91 77 60 65 6 66 69 59 63 70 92 73 75 8 29 74 0 38 3 83 40 50 46 80 30 39 32 53 95 71 37 9 98 13 87 90 43 11 64 45 4 12 23 22 86 25 18 5 34 33 96 48 54 16 1 36 41 62 7 20 76 44 15 19 81 21 85 58 35 57 2 24 94 67 78 26 56 93 61 99 82 14 88 84 97 68 17 52 
TEST 60 ARG:90 10 21 7 27 14 92 13 94 17 6 31 44 15 48 84 73 33 51 19 74 52 45 5 49 54 4 86 34 60 41 42 32 61 38 8 23 93 98 91 89 97 64 12 16 75 80 39 63 25 65 62 56 9 40 28 57 3 24 82 11 2 53 50 68 79 43 67 77 46 96 58 99 71 76 69 72 20 30 88 18 85 29 37 66 35 78 36 0 1 22 59 47 87 95 55 26 70 81 83 
TEST 61 ARG:18 80 76 1 53 44 42 5 39 45 77 26 25 20 69 3 46 63 54 97 15 29 96 4 87 58 85 21 51 82 2 40 79 91 13 89 83 67 37 55 78 93 0 19 98 64 73 72 94 43 38 92 47 86 31 50 60 52 88 90 35 27 28 8 49 59 48 41 10 17 34 75 68 74 6 11 70 32 84 9 7 33 57 66 36 95 23 24 62 61 22 65 12 99 81 16 30 56 14 71 
TEST 62 ARG:33 68 99 21 27 7 19 82 9 5 49 24 83 0 80 18 23 84 55 92 72 69 70 77 57 60 2 14 1 46 90 54 48 37 98 41 58 39 76 94 44 71 63 4 78 50 12 86 88 74 52 89 79 13 35 95 6 11 97 15 3 93 8 81 61 53 91 36 34 31 25 47 67 45 30 42 51 56 40 43 26 64 28 62 87 22 75 20 73 85 96 38 32 16 65 29 17 10 59 66 
TEST 63 ARG:22 13 42 11 26 12 10 77 27 83 9 16 74 75 29 44 58 91 43 23 2 68 6 59 81 54 66 93 32 73 57 45 84 49 52 95 17 86 31 78 62 87 99 35 55 21 36 15 38 98 39 18 51 5 96 0 33 28 24 19 79 60 82 92 71 4 14 8 90 97 85 88 64 89 63 65 50 46 25 76 7 72 70 67 40 48 41 3 30 47 34 56 20 69 53 94 37 61 1 80 
TEST 64 ARG:66 97 83 3 82 22 74 25 49 65 36 93 59 43 60 79 16 4 51 88 20 32 87 63 40 29 78 41 10 39 28 14 70 35 50 11 99 98 92 73 26 27 38 62 44 24 58 64 56 86 53 61 17 75 84 5 77 85 55 19 34 48 7 54 46 80 30 96 95 13 90 31 9 94 76 57 81 1 0 37 42 33 18 12 52 71 72 6 91 67 8 45 2 23 21 15 47 68 69 89 
TEST 65 ARG:27 12 47 14 40 43 46 80 83 5 55 6 33 8 16 24 97 86 67 29 73 0 10 13 84 22 1 85 45 74 90 49 21 25 58 56 26 72 59 17 44 32 39 68 20 4 94 71 30 75 50 65 77 96 9 69 19 63 70 2 92 3 93 36 91 79 89 41 53 42 57 82 7 35 51 23 11 98 78 64 60 81 88 95 87 61 62 48 99 66 37 38 18 34 31 54 52 76 28 15 
TEST 66 ARG:86 25 27 63 68 62 48 52 45 99 61 41 88 1 94 65 64 34 75 14 70 15 31 67 77 30 23 89 76 32 92 97 16 8 51 0 80 40 66 55 50 93 58 46 9 20 7 53 60 90 71 18 19 37 43 83 24 49 91 73 22 12 6 84 59 98 96 87 69 95 26 54 13 21 47 85 29 3 35 4 72 38 56 10 82 17 11 57 5 81 33 74 36 78 79 2 42 28 39 44 
TEST 67 ARG:14 87 99 81 8 38 65 3 64 84 56 4 18 61 67 74 60 25 46 53 12 51 54 91 63 47 76 0 58 70 28 36 96 40 59 32 79 5 83 95 33 24 88 13 48 23 1 80 37 21 75 72 9 26 52 10 57 97 94 39 17 68 66 89 43 44 90 45 98 31 2 92 42 19 35 49 93 71 86 11 34 22 55 77 78 15 62 41 73 69 7 50 29 85 16 82 30 6 27 20 
TEST 68 ARG:26 8 65 94 29 92 69 81 34 50 87 74 5 47 1 80 77 9 91 16 72 24 93 61 56 36 44 11 27 52 32 57 98 20 76 23 68 59 46 21 51 71 86 25 42 14 12 6 85 99 43 2 15 41 88 45 22 62 70 58 53 73 39 40 31 28 49 30 54 38 10 75 95 3 64 63 84 7 60 66 82 90 55 67 97 48 17 89 19 35 96 4 18 13 83 78 33 79 37 0 
TEST 69 ARG:8 28 42 71 23 12 77 94 66 29 75 16 19 30 1 21 68 27 38 31 92 79 26 85 74 47 57 37 50 51 73 32 18 9 56 69 81 62 17 7 5 67 58 97 64 35 4 60 83 88 61 15 52 48 39 10 14 89 33 45 46 96 65 55 22 40 84 49 91 82 36 43 93 63 95 80 78 0 34 2 72 44 13 90 25 6 99 11 98 20 86 41 70 59 54 76 87 24 53 3 
TEST 70 ARG:12 84 16 51 81 32 38 91 97 2 36 44 49 20 22 30 76 92 45 5 83 99 65 42 61 39 28 78 87 88 95 0 40 63 94 96 3 71 57 1 74 47 67 79 62 98 68 70 37 21 35 46 73 18 53 58 13 75 77 19 54 89 69 48 26 64 85 8 4 41 59 29 93 27 14 82 60 66 43 31 23 90 56 72 55 17 15 33 6 34 9 25 10 7 50 52 24 80 11 86 
TEST 71 ARG:82 74 16 77 11 54 78 97 79 0 73 46 41 63 65 80 56 2 58 14 22 10 28 93 91 95 43 35 70 27 55 30 44 31 48 33 94 38 88 6 86 85 20 32 87 57 71 23 39 21 37 61 24 25 18 4 8 59 69 72 60 52 7 68 19 90 75 5 36 3 40 99 29 34 89 64 92 84 98 12 50 49 81 67 26 83 62 1 76 96 42 15 45 9 66 47 13 51 53 17 
TEST 72 ARG:80 70 42 87 84 75 24 43 0 74 57 15 14 72 59 4 20 22 10 11 45 62 7 28 51 61 13 31 26 12 88 38 50 18 76 35 9 16 37 52 3 58 1 49 82 79 96 65 78 89 77 19 6 69 73 36 41 94 85 93 56 95 25 68 2 67 8 46 99 81 48 91 29 54 34 71 92 21 97 23 98 83 47 63 33 39 55 66 32 60 53 27 90 64 17 40 44 5 30 86 
TEST 73 ARG:30 45 87 67 15 33 60 63 91 70 5 29 23 20 26 22 28 59 1 40 65 18 42 95 76 99 90 4 85 66 88 24 34 84 14 39 43 6 37 89 10 58 56 82 47 53 55 71 79 98 19 92 11 12 46 17 74 94 73 86 97 64 3 96 44 62 32 49 93 78 7 9 13 68 72 57 35 36 2 21 77 80 50 27 52 41 0 81 69 51 75 38 16 25 31 61 8 54 83 48 
TEST 74 ARG:41 51 95 35 0 16 77 91 73 18 14 82 98 28 24 61 23 46 2 34 40 67 81 55 92 80 9 11 86 85 33 52 7 43 48 12 84 32 88 13 69 63 50 90 65 1 70 4 26 78 3 79 38 60 62 68 36 21 54 37 66 53 99 74 83 64 8 42 49 44 27 25 10 39 19 22 87 45 15 96 71 72 31 97 89 56 94 20 47 57 59 5 93 29 75 76 6 17 58 30 
TEST 75 ARG:86 93 34 47 53 5 6 61 45 67 15 17 59 92 12 66 16 70 42 71 64 62 87 1 11 26 33 22 74 23 72 32 58 48 77 21 60 57 82 9 37 29 41 84 20 63 81 96 0 38 39 97 25 99 13 65 46 78 95 56 76 30 85 69 24 28 68 7 14 3 27 75 49 55 10 43 50 54 19 73 2 52 31 8 80 83 94 98 4 40 88 91 35 18 36 79 89 51 44 90 
TEST 76 ARG:53 94 75 4 36 54 92 96 20 52 88 58 48 73 87 65 32 19 90 77 23 74 24 12 84 69 14 95 26 2 28 99 47 79 44 71 0 35 8 10 66 33 59 55 1 60 49 30 18 50 21 56 83 41 37 29 67 27 9 39 40 31 85 42 13 46 7 11 93 61 78 70 89 86 43 76 38 16 22 57 81 80 62 51 34 68 6 91 98 25 5 15 45 64 63 97 3 82 17 72 
TEST 77 ARG:1 42 47 63 82 20 52 0 9 28 32 64 72 77 74 7 98 57 83 16 99 10 27 84 22 55 43 21 86 37 31 14 79 30 73 95 65 61 38 90 75 53 59 39 69 46 40 88 54 66 62 33 67 29 70 71 15 17 44 48 51 96 80 50 89 34 12 35 45 81 18 49 93 19 97 92 25 58 60 2 94 11 24 36 4 56 87 13 5 91 23 8 68 6 3 41 85 76 26 78 
TEST 78 ARG:94 13 51 38 41 67 61 90 46 21 43 58 95 31 15 73 47 12 85 2 5 29 59 4 98 25 17 82 83 16 8 75 64 92 26 45 84 56 11 22 78 77 49 55 96 44 76 10 89 91 27 35 14 86 81 52 32 54 71 65 18 3 24 23 88 42 28 87 20 97 0 40 66 9 6 93 69 39 63 99 30 62 33 37 1 57 53 50 79 72 68 48 74 70 36 19 60 80 34 7 
TEST 79 ARG:31 3 18 67 97 61 68 64 66 52 32 89 48 79 84 77 9 99 53 90 6 87 82 43 95 46 60 80 24 26 4 49 96 42 78 1 51 12 41 11 33 98 62 76 0 21 22 29 58 17 38 44 14 56 54 91 81 65 25 20 63 30 39 74 47 28 2 35 8 37 72 92 59 13 27 85 57 94 10 23 45 15 19 5 71 93 75 86 50 16 88 36 70 73 40 83 7 55 69 34 
TEST 80 ARG:74 0 88 93 17 50 5 35 21 20 22 15 37 60 24 91 68 96 45 54 30 79 51 81 65 25 97 7 26 90 36 42 4 53 6 28 58 48 16 46 18 14 69 39 64 70 87 92 80 49 75 94 76 66 32 13 10 73 27 78 56 9 89 99 31 84 44 8 11 77 47 71 67 40 59 38 98 95 33 19 62 83 3 29 43 12 61 2 86 55 57 72 82 1 63 52 23 34 41 85 
TEST 81 ARG:15 38 78 0 68 95 40 87 18 33 5 48 70 90 41 71 49 89 63 26 85 25 10 7 11 14 37 97 88 32 2 79 92 84 91 31 96 67 57 66 42 93 65 98 52 83 58 72 30 51 19 8 55 17 23 80 6 73 45 13 54 94 74 56 53 60 59 75 81 12 47 22 20 46 62 82 64 76 28 77 27 16 50 39 69 44 61 1 99 3 21 34 86 43 36 9 24 29 35 4 
TEST 82 ARG:84 74 83 32 4 64 92 75 27 48 56 82 87 14 6 11 29 42 18 71 20 26 37 99 51 33 10 68 55 30 31 96 95 85 70 47 63 94 9 17 97 25 38 1 45 50 12 44 8 57 54 2 34 53 19 15 61 67 46 62 43 39 7 58 36 5 60 72 73 86 40 88 77 81 66 24 0 98 21 65 80 3 69 90 28 59 52 78 22 89 13 35 41 16 49 91 76 79 23 93 
TEST 83 ARG:19 96 17 55 9 67 26 90 38 22 28 82 58 20 4 74 41 49 12 63 33 34 86 27 40 15 72 73 44 88 8 35 10 66 43 39 46 13 11 89 79 92 14 21 6 0 94 32 61 70 29 47 87 77 80 84 31 23 81 30 60 18 36 95 54 99 78 45 91 42 71 16 68 97 50 57 69 59 25 64 7 24 52 65 53 51 75 5 37 93 3 56 85 48 98 76 62 1 2 83 
TEST 84 ARG:37 54 34 53 95 42 5 64 24 14 49 30 89 51 36 39 58 68 0 28 85 20 46 90 81 65 32 18 91 87 8 70 77 45 40 19 78 59 97 60 25 43 92 82 55 22 4 93 1 76 29 73 67 21 6 72 48 47 74 35 96 27 88 66 80 56 94 12 3 7 61 11 62 23 31 13 17 38 69 2 86 10 41 84 16 15 75 99 63 52 9 98 83 26 44 50 57 33 71 79 
TEST 85 ARG:61 32 18 83 79 82 58 46 30 59 13 16 4 98 52 85 27 15 93 7 96 87 35 51 66 55 50 40 6 71 69 68 73 33 43 77 56 3 47 92 97 37 75 78 14 65 12 36 5 67 90 57 41 42 22 24 49 94 84 8 1 70 60 80 26 31 10 9 17 11 74 48 0 39 99 89 81 2 86 95 64 63 29 21 62 45 72 88 91 28 44 76 25 23 53 38 20 34 19 54 
TEST 86 ARG:10 59 97 65 31 87 48 12 42 39 23 3 43 70 47 18 85 79 62 78 4 86 22 68 71 5 6 15 21 50 1 49 14 2 61 60 13 53 94 8 32 11 33 64 51 72 20 96 44 76 93 29 82 52 17 92 55 99 27 88 63 41 24 34 73 75 56 37 40 69 81 58 67 16 38 74 91 26 30 54 95 25 77 66 36 89 98 9 0 19 90 7 80 83 35 57 45 84 28 46 
TEST 87 ARG:20 38 85 57 66 99 68 86 74 77 64 67 25 79 44 9 34 22 42 55 19 47 35 5 54 63 7 18 17 43 24 95 87 50 30 59 4 53 33 11 12 28 51 72 1 60 40 96 56 49 16 81 94 91 15 23 93 89 48 75 0 52 62 78 3 13 6 73 71 84 31 58 76 65 2 14 88 37 83 97 29 21 82 98 70 69 46 61 39 27 90 10 45 80 26 8 36 32 41 92 
TEST 88 ARG:56 81 1 87 36 67 10 95 54 30 15 2 24 79 31 72 53 96 11 80 9 89 41 47 84 70 17 66 51 29 59 21 77 74 94 58 43 61 6 33 71 16 60 88 5 92 85 19 62 91 93 44 35 42 22 69 65 50 63 13 45 32 90 40 99 37 76 98 34 3 39 82 48 4 26 52 27 46 64 7 86 0 38 78 18 97 83 8 73 23 25 57 75 14 12 49 68 55 20 28 
TEST 89 ARG:39 62 88 71 6 10 85 65 7 24 28 5 41 86 14 58 87 25 74 57 42 40 4 3 44 76 19 72 13 50 92 53 84 45 36 82 63 97 79 70 35 56 1 54 68 66 91 98 49 93 15 89 26 20 37 46 43 59 11 77 47 31 61 18 8 23 21 32 16 64 12 81 83 69 95 38 33 60 67 22 73 30 27 48 55 29 0 99 34 75 90 9 2 51 52 80 96 17 78 94 
TEST 90 ARG:4 5 68 70 9 3 56 85 41 66 18 30 78 58 72 11 91 44 32 27 37 81 23 99 65 19 34 64 94 54 22 14 38 57 87 92 53 96 8 17 82 10 7 93 50 6 47 75 21 49 77 33 63 71 88 48 76 31 0 86 35 25 12 16 36 89 61 39 45 20 40 90 43 95 69 83 79 1 15 73 74 2 42 29 13 59 52 26 62 24 84 55 51 60 46 67 98 80 28 97 
TEST 91 ARG:65 95 84 17 44 62 22 87 71 27 85 92 7 68 55 34 90 48 10 38 18 11 88 67 19 49 82 78 52 89 5 79 29 0 9 76 93 20 59 25 69 16 57 4 51 58 81 64 21 97 8 50 56 46 74 39 26 72 35 94 80 32 41 24 83 99 54 45 12 53 98 40 43 86 36 91 15 66 14 1 73 75 61 47 96 70 28 31 60 3 30 77 33 2 63 42 6 37 13 23 
TEST 92 ARG:20 53 39 7 21 78 48 92 4 71 88 38 51 46 25 75 70 47 62 41 82 13 58 67 55 43 52 81 95 64 49 18 93 37 89 91 44 68 56 24 2 19 59 15 0 86 27 11 80 90 61 97 99 1 85 73 63 23 72 33 28 22 76 60 84 69 14 5 3 74 87 77 9 94 29 10 30 50 34 6 79 36 83 45 57 42 54 12 16 26 65 98 8 96 35 40 31 32 66 17 
TEST 93 ARG:50 77 57 44 6 24 99 2 29 13 10 7 88 27 38 84 42 20 76 60 65 90 63 80 19 35 91 85 23 33 16 64 83 32 31 70 5 34 97 67 4 62 69 0 55 28 93 95 40 61 78 43 74 18 47 14 68 73 11 1 26 72 96 94 49 37 92 36 59 82 86 98 21 39 22 56 15 25 79 54 17 89 3 12 53 8 87 71 30 46 51 66 52 45 81 9 41 58 48 75 
TEST 94 ARG:15 34 56 20 99 84 77 57 10 95 11 3 94 24 82 29 4 68 64 33 55 92 43 51 7 37 63 65 72 97 44 80 6 5 28 93 69 71 73 58 19 91 62 40 81 86 21 89 83 90 52 32 12 59 48 22 39 46 79 0 36 27 13 96 67 38 78 45 2 87 54 14 60 17 31 88 49 8 74 18 23 42 75 85 25 41 50 70 61 98 47 76 16 30 1 35 66 26 9 53 
TEST 95 ARG:95 58 4 33 12 30 82 85 48 0 7 27 52 65 83 78 93 15 94 21 87 17 62 6 43 5 72 66 23 60 3 75 37 44 57 96 90 50 98 84 38 55 91 54 97 74 61 28 36 88 2 46 53 14 99 16 8 68 10 56 1 86 31 73 42 77 11 69 32 59 89 80 64 71 81 39 19 51 13 47 63 20 9 92 45 22 41 35 18 40 26 29 76 79 34 49 67 24 70 25 
TEST 96 ARG:89 37 85 53 19 25 7 70 6 54 82 17 99 67 47 66 10 98 35 43 76 16 63 91 45 42 24 26 84 36 0 38 80 81 28 59 34 73 60 57 49 92 72 50 29 69 74 71 18 61 30 21 2 51 9 97 11 4 12 83 23 46 75 22 58 88 44 52 77 31 62 27 78 87 15 90 96 3 20 79 41 8 65 40 5 86 68 33 93 95 48 13 39 1 14 55 56 32 94 64 
TEST 97 ARG:96 36 71 10 6 21 58 26 63 5 66 37 74 91 81 92 16 46 82 83 70 53 22 8 98 13 25 31 14 54 48 34 95 61 89 40 60 11 23 65 18 39 7 38 76 35 87 90 51 62 86 52 20 49 79 30 32 69 75 56 44 68 94 45 55 28 12 72 57 77 84 41 3 27 42 64 19 29 47 88 99 43 67 78 85 17 73 1 15 97 9 93 2 0 33 24 50 4 59 80 
TEST 98 ARG:63 60 80 6 1 94 59 9 96 71 12 51 99 3 77 55 33 8 7 81 11 28 74 30 49 15 16 79 70 20 17 98 5 31 95 35 86 47 41 10 50 85 38 18 43 91 88 21 87 72 68 13 4 45 23 61 67 42 93 54 57 66 58 76 2 25 73 39 34 44 22 53 37 83 36 32 56 92 26 46 62 69 14 0 40 29 82 27 90 64 52 84 19 97 78 75 65 89 48 24 
TEST 99 ARG:78 81 4 79 88 3 90 91 26 66 95 28 53 6 72 16 68 73 33 71 49 60 38 82 11 46 99 2 0 25 8 30 18 19 56 69 58 52 39 74 63 92 31 47 43 7 29 94 40 50 21 1 17 96 98 45 65 20 23 36 70 22 48 75 55 5 13 27 37 84 97 35 59 10 93 83 76 89 14 41 9 32 24 64 62 51 86 61 15 44 54 57 77 12 67 42 80 34 85 87 
TEST 100 ARG:39 17 61 40 10 74 33 99 92 98 29 70 1 50 27 48 26 51 31 38 63 53 88 57 93 37 87 62 16 80 24 2 77 34 42 76 20 56 19 75 4 82 84 64 45 23 41 25 35 73 8 44 36 59 78 68 43 9 94 71 67 52 90 85 72 83 69 32 0 58 96 60 81 86 3 12 13 5 14 66 21 89 15 22 91 18 46 95 54 30 6 28 47 97 49 65 55 7 79 11 
Multiple size <= 500
TEST 1 ARG:-9 38 124 25 -245 79 58 -104 130 -205 179 33 -155 1 -91 212 45 -204 5 186 225 54 -27 -115 -34 -42 -5 -77 -243 -68 73 170 -70 3 -94 233 50 27 30 135 -207 -80 -102 229 178 -144 -140 103 -214 -37 -39 17 -196 48 18 -147 -86 -61 -48 90 51 -169 198 -123 9 208 202 -176 -191 144 224 100 247 -178 26 -95 -183 -54 192 -43 91 -240 -36 44 205 -180 -231 -226 32 57 -74 -228 223 173 -55 -150 116 215 97 -197 42 -209 -60 171 162 127 -19 -187 -164 75 -109 98 207 -22 -186 59 64 2 -41 11 47 40 219 -52 49 128 163 146 107 -129 -238 -111 -120 -138 -49 194 157 -234 -58 -13 181 -71 147 -136 119 230 -125 102 -32 88 -181 92 189 -75 6 81 -194 187 69 16 -28 -24 8 183 104 168 -106 -30 76 142 -3 -246 -177 226 -16 -21 -29 -225 -79 74 211 -110 -166 235 -236 -230 -7 -103 204 -161 -201 83 -239 143 150 -97 231 237 196 31 -105 145 115 -193 195 -141 -108 -128 131 -66 190 167 228 -173 -152 -189 -211 -162 203 -45 101 -130 -85 -64 240 -81 -73 -157 158 121 238 12 206 159 110 -114 -10 129 -215 169 213 56 23 -88 164 243 13 -84 86 106 185 -107 -12 136 -227 -4 66 -31 177 -224 87 34 -229 71 -219 80 -25 -137 84 239 -160 165 -149 61 -168 -50 -67 28 117 4 -63 166 68 -1 244 93 -92 -38 -44 82 214 52 139 -242 156 43 -35 -72 -218 22 -145 -182 113 -23 -208 -221 -199 -100 -212 176 -179 151 -65 -175 21 96 7 200 -158 -62 132 -220 245 182 -101 -249 -8 120 -87 29 -76 -82 95 -203 -124 -2 -143 19 -223 -20 -159 -213 -198 180 -133 -119 55 -241 -51 -90 -132 -93 154 -217 41 94 15 114 -96 242 -156 -171 -11 112 221 77 46 209 197 -26 -46 -112 220 -116 -83 -172 -59 175 199 -235 -6 122 62 -250 65 241 0 60 218 249 133 -40 67 248 -69 -170 -33 153 184 108 -122 -167 217 -184 72 -47 227 -202 -222 134 -121 -14 126 232 -148 -163 -216 -17 152 123 39 -195 -57 193 -117 -244 -113 -139 -142 36 105 -118 -151 -188 222 236 138 24 -127 -89 -232 160 70 37 -15 -56 109 -192 234 99 111 137 155 53 188 125 -131 201 89 63 -174 14 -248 -190 35 -18 161 -98 -165 10 -154 216 140 78 -126 -210 -247 -146 -135 -153 210 118 -185 -206 -233 149 172 -237 -99 -78 148 -200 174 -134 246 -53 191 20 141 85 
TEST 2 ARG:-241 136 93 -4 148 140 -124 -93 -87 36 236 77 -109 91 65 -134 139 243 -8 149 158 -43 109 -215 190 62 150 -139 -72 -198 -81 -192 208 134 52 -61 -160 -168 -121 191 -162 171 -231 -132 28 182 220 -244 159 -180 -16 44 204 14 -67 222 32 -35 -101 165 -66 -89 -232 3 -13 161 221 -170 -219 -199 -150 -151 99 -186 104 120 -125 152 153 -32 -172 101 -194 89 131 -203 218 -83 49 -183 224 -145 -179 -48 68 -193 122 67 -188 -106 249 242 33 -99 23 -248 151 -157 167 217 178 -146 -52 78 21 5 -111 102 240 -50 -63 203 -195 -136 175 108 215 113 142 229 123 248 -204 -41 46 105 -240 -22 176 -112 205 -176 90 119 -14 237 -18 -175 -123 -34 -200 -1 162 31 168 -197 202 12 -143 -184 238 -212 223 -126 88 94 -85 -64 85 53 51 63 80 82 -222 -75 -105 246 -131 125 -163 232 177 0 -19 -141 -28 -90 -116 100 239 -33 -69 57 -77 -96 -196 -144 42 133 -68 195 -202 25 8 197 -130 117 -230 181 84 -40 -37 -234 200 -120 -182 -94 1 146 157 -246 -51 -236 184 74 154 10 166 75 95 83 -187 192 226 -95 41 13 -174 -113 -53 -97 30 -98 -17 129 -23 -119 18 -5 -217 -129 16 39 58 -210 55 214 29 -122 -149 -55 64 54 -227 155 -54 213 -242 -76 -205 -47 -161 -138 -103 -206 156 -156 127 234 -49 245 -159 212 20 87 -164 -3 138 -250 -58 -78 -15 -82 -110 -147 -154 -229 137 -62 -86 69 -117 -73 185 -38 174 -104 15 61 211 -142 -208 -209 115 -166 -127 -238 17 -167 -169 -133 -39 -158 -115 193 -214 -152 219 40 147 -128 -9 -74 -223 201 -2 81 35 -191 -59 -44 -249 9 -88 -65 -181 206 230 -71 170 121 79 144 7 -213 172 -70 -221 124 -218 86 38 -247 -21 -46 -201 -173 -24 11 126 -7 -100 112 48 209 198 50 135 -12 -224 -56 145 92 -6 73 -243 -165 -225 -29 -60 -45 143 194 -207 60 97 180 71 -148 128 27 110 199 179 189 -178 -31 187 231 22 -118 -228 173 -239 -20 45 59 -26 163 -153 196 225 -84 -140 2 216 -80 70 37 -25 72 -155 -27 233 -220 19 -171 -108 169 34 -114 -79 -92 -42 116 96 43 141 247 -189 188 228 -57 -245 227 4 210 -177 244 -190 -91 241 207 66 160 -102 -235 107 -226 130 24 -135 98 186 26 111 56 -216 -237 47 132 -137 235 76 -10 6 164 183 -107 -211 106 114 103 -11 -30 -185 -233 118 -36 
TEST 3 ARG:59 99 97 179 41 -52 96 -47 -236 180 -90 214 223 200 166 -113 -156 125 93 22 -129 -28 184 75 78 -189 8 102 -170 -221 -243 -42 173 237 207 235 15 92 248 -172 -81 -190 -12 105 146 -15 -50 164 -216 -72 245 13 -144 91 36 -125 -188 194 5 215 -106 -219 196 -180 157 49 -173 234 148 -217 21 182 -211 175 89 114 -14 -8 -176 -100 61 183 -169 -29 10 -83 193 -121 -107 -242 -139 -103 113 -127 222 77 63 28 26 115 -39 -213 198 116 -135 162 -32 -108 44 -45 23 -61 48 -202 -97 -171 -164 -230 -199 83 -191 -158 137 -245 -204 240 -116 128 74 -240 -17 -123 101 130 -23 -74 -59 -152 185 124 -226 144 -80 -20 -179 143 -55 -218 -82 126 176 -5 -60 -157 -146 56 219 138 72 -22 -228 45 9 0 123 -73 -177 17 25 111 42 212 46 -92 53 -104 -4 -126 -196 112 -187 -145 -249 218 -65 -16 -13 19 -24 68 -34 -11 150 208 231 103 18 -85 -68 43 -248 -193 -25 108 87 -94 -214 230 27 80 -151 -231 60 154 -238 79 -247 -66 -165 57 -142 225 -136 226 -76 -160 161 -159 -40 -194 195 181 -31 84 -18 100 -134 145 98 -197 -120 -53 81 -184 -117 -57 210 -233 -63 -239 -229 119 233 -36 227 -21 -178 220 -48 -26 199 109 120 141 -35 66 30 -167 142 147 1 -91 -119 38 -56 104 168 -227 136 247 203 -201 177 188 217 228 -33 95 153 135 -99 85 -64 171 -130 4 -235 -149 -148 -210 209 -132 -241 -27 -138 -198 -44 -207 213 -111 82 -250 -223 170 -98 131 221 35 201 178 -114 205 -9 121 -78 -206 6 69 -67 -93 204 40 191 47 163 211 -183 244 7 94 140 -6 -225 3 16 246 -118 187 -110 31 -19 -1 -175 -70 151 229 242 -203 -200 -246 58 39 202 190 -105 12 169 -141 -69 -224 -41 70 -54 -102 20 -79 -137 -232 -77 -212 -96 -168 107 34 238 -58 122 29 -162 159 -131 206 -87 -37 76 -163 165 160 -166 174 65 50 -234 -222 241 -3 127 110 52 -182 -75 156 -101 37 117 -205 232 189 134 -124 -185 -84 -143 -128 243 -195 -2 -186 -49 73 -62 67 24 55 2 236 -208 -237 -192 172 216 155 -150 -244 -181 -89 224 64 90 54 239 152 133 51 -46 192 -86 129 -161 -154 -147 167 62 -115 149 88 -215 -38 -153 132 249 -174 186 33 -71 106 -43 139 -7 -30 -209 32 -10 -95 158 -220 -133 -88 -155 86 -112 197 14 118 11 -109 -140 71 -122 -51 
TEST 4 ARG:143 176 -146 -115 -212 140 -231 -90 123 141 -165 -206 -6 231 175 -244 10 15 38 -113 -218 -84 191 -127 -77 -176 186 -204 -44 224 93 -82 248 114 -193 129 69 207 -201 -17 -143 -202 -105 144 32 197 -23 -198 77 -195 -35 -71 -196 -85 226 223 142 -103 150 -236 241 -217 -248 -209 244 171 7 179 64 -219 211 -36 -14 180 -123 75 -81 -13 -227 -48 67 240 -99 92 -120 -197 151 233 200 16 -61 45 -34 148 -63 147 -56 -182 -53 -21 -110 -139 -86 234 -43 -181 162 66 -65 -229 -233 63 -26 -215 149 -152 -249 -88 -239 18 -83 55 -98 -29 -222 24 -12 164 52 -228 89 192 146 112 -172 106 97 222 -91 2 -49 -15 155 6 -158 20 -247 50 -162 -170 220 3 88 182 98 138 -125 199 242 46 -41 73 -75 -73 135 101 194 163 -60 210 134 35 -171 -131 -192 71 56 68 9 8 167 -250 -230 -177 238 -216 110 189 -175 40 -224 -87 -140 72 198 133 232 -246 -42 -66 -190 136 -111 -16 62 74 -40 58 29 145 100 84 -132 -62 23 174 104 -142 -223 -240 -163 -237 172 -179 19 208 48 121 228 -64 120 -151 190 -205 170 60 127 206 -9 -70 1 187 76 -116 28 -161 243 118 183 21 216 -199 -119 -241 -101 -45 -8 249 14 -5 235 47 154 184 27 102 53 -147 131 156 65 -225 31 -114 95 103 -96 -117 -243 -28 -153 82 -238 169 78 -57 152 44 -208 173 203 -157 218 12 -141 -94 157 -37 99 201 79 86 87 70 202 -51 -203 247 158 22 33 225 -160 -189 91 113 -122 59 -32 214 153 -20 -95 -109 90 209 41 122 -168 193 -19 -133 215 105 -1 212 119 57 -59 204 -164 -47 -50 -166 159 -235 -245 132 -106 -136 -213 -191 188 13 -186 17 185 -134 26 246 -187 195 245 139 -234 -211 229 196 -183 219 94 221 39 4 -54 128 -22 -148 168 -200 61 -30 107 5 25 137 -135 -118 -104 239 30 -159 -52 -155 -55 -226 -27 -129 -124 83 -93 213 -156 -100 236 -72 125 81 109 49 111 -39 -185 130 -68 -214 116 43 -31 -58 -102 -137 -145 -169 -97 -24 165 -69 -2 227 -79 -80 237 -149 -3 161 -121 -74 54 -130 -67 -108 -92 80 217 108 42 -7 -10 -184 -194 -207 -126 51 37 205 -46 126 177 -242 -18 -4 178 -33 -138 0 -112 -188 -89 11 -107 160 -25 -232 166 -180 -174 -220 -178 34 -154 230 -210 -221 -173 -11 117 -144 -76 -78 -167 -150 124 -128 181 96 85 -38 36 115 
TEST 5 ARG:28 160 226 93 -117 128 182 190 79 24 -61 104 60 -58 68 14 -6 -51 -141 118 -180 -5 -130 -66 -237 -113 -174 173 159 -187 -146 210 -99 73 11 36 137 -80 -13 -156 232 -116 -70 37 -96 63 -239 -171 -87 88 -177 195 166 -148 -55 6 -81 185 154 176 -222 -134 110 165 94 161 26 -157 97 174 212 -62 -226 207 -100 -234 56 186 244 -67 -131 -79 -216 130 1 46 206 21 51 -243 233 30 2 57 40 -74 -57 52 178 -127 -63 -15 72 192 -115 139 -186 205 -209 150 -164 96 -103 -132 -210 181 -84 -121 187 249 108 162 19 62 -230 -50 163 136 -168 -194 138 -88 -47 -219 -184 -104 184 61 0 -24 -211 66 -98 39 -153 -196 70 -207 -175 83 95 121 156 203 135 245 194 -218 -199 120 125 -193 78 148 -120 248 217 -59 102 -32 -244 54 32 -95 -151 -240 -44 -162 -139 -201 -86 49 220 167 -144 -250 -236 214 -195 -31 243 191 65 77 41 -65 111 -185 222 -161 -223 116 -128 101 -2 -228 115 -78 33 81 109 -111 199 -77 225 218 -34 -159 15 -245 -52 -60 90 -147 -1 153 152 8 169 -91 -114 -105 -182 -93 -10 223 -109 -150 80 -188 -20 -247 -235 -35 144 -37 -119 31 13 17 236 103 -7 69 -213 -145 -192 -233 149 -217 179 91 87 127 -173 209 131 71 -8 -49 55 -3 -16 -246 -124 -40 -41 -242 106 -106 -71 189 42 27 -248 219 231 -197 -160 92 -231 221 -97 216 164 53 -9 228 -178 193 122 201 155 158 196 76 10 -206 67 202 -118 89 7 124 208 -170 -142 -138 -143 -181 242 -249 140 74 -129 4 240 -176 -83 239 -183 -72 198 157 204 183 -75 18 -204 211 -238 59 85 230 -110 -190 -17 -22 16 213 -45 -101 -112 -198 -89 29 113 -26 -221 -69 180 126 -21 238 98 -208 -158 -135 -30 229 146 105 -227 -203 -25 -82 -33 -43 129 -107 107 197 237 247 141 -202 134 -27 -163 -154 -46 -165 -92 143 -39 -140 151 119 100 -68 -155 224 -191 38 -232 227 -241 -220 -205 -189 25 -19 246 175 -36 123 9 34 -126 5 35 235 50 188 -149 -12 -18 145 171 -76 45 -90 112 -136 117 172 84 -125 58 -14 -229 -137 23 20 -28 75 -23 -54 -4 -56 -48 -224 82 -53 -225 234 215 142 22 -215 132 -64 -152 -29 114 12 -122 200 86 47 -179 48 133 99 241 -123 -102 3 -108 -172 64 -11 -85 -73 -94 -133 147 -169 -42 -212 43 -38 -166 168 -167 -214 44 177 -200 170 
TEST 6 ARG:137 -154 26 -104 -106 197 177 -145 -200 -168 207 231 -40 -117 90 166 -110 210 -8 -41 221 239 154 89 43 50 -155 152 -236 -182 -90 122 73 -193 -73 -188 162 56 -147 -184 -63 -204 158 -146 -223 6 110 86 -47 37 103 129 -58 -12 41 143 -144 -229 -249 -119 -237 -5 115 -24 136 -124 109 8 144 -48 -244 67 -225 -122 54 -25 -80 107 17 209 13 -121 3 84 -70 194 62 -162 -231 -174 97 -240 168 -98 36 27 186 53 -114 219 200 71 113 -78 -140 -165 -102 -226 -72 183 -216 77 -199 203 -42 75 -9 -34 1 238 174 249 106 191 55 -54 -135 -45 21 -28 -7 -35 -23 19 155 88 -250 -203 147 105 -143 -142 -68 -213 -84 -101 -192 -206 4 222 112 2 -180 82 59 227 124 92 10 -96 -138 176 146 217 -238 -178 42 -62 -157 -31 -109 -111 -241 -88 111 20 -205 70 193 -176 -191 -95 18 228 234 44 -169 81 14 142 5 -26 192 208 156 116 98 -89 132 -172 47 -27 211 246 159 -243 -156 -20 -132 247 133 -60 -115 -11 -33 164 229 -183 9 119 245 -185 -177 -128 65 -18 -219 237 -148 -14 91 -85 31 170 248 139 -149 -56 -152 23 175 -198 -153 -36 48 126 141 -150 173 172 -38 -228 -151 -6 -67 -209 15 196 187 -52 22 -69 -74 215 -171 51 -113 140 95 -75 117 121 -22 -194 -167 131 -91 -159 182 -139 220 184 -37 74 -17 -29 -94 -50 -39 -248 -170 -173 -129 29 -201 -233 -227 161 -57 87 244 157 61 160 -107 -141 -208 -10 63 178 -112 52 46 108 -64 -116 181 213 -123 -186 -120 120 130 58 -83 123 -44 -43 100 171 -234 -136 125 -210 7 93 -1 242 233 -127 -3 -65 -222 102 -160 -82 -133 179 32 -242 -93 -16 -217 135 -202 -49 190 148 12 212 -235 -224 224 204 79 185 57 35 -218 34 165 243 45 -134 104 -87 -214 -220 127 -19 167 -158 -30 39 -195 -196 101 -246 -61 198 -66 232 11 -207 -81 -103 189 85 -187 40 -2 230 134 -4 -175 -221 28 -100 216 240 -247 223 66 -230 236 -105 -163 94 218 -137 180 163 30 -245 -79 80 -189 195 -71 206 33 205 72 150 76 78 -13 -239 -118 -181 241 25 -53 -15 -164 -125 16 -166 -21 -92 0 214 188 -130 -99 151 -197 -179 -161 149 -232 96 -76 153 -86 83 235 114 145 -190 69 -215 49 38 -108 201 -126 64 -59 -51 -32 -131 -97 68 138 202 24 -211 226 225 118 99 -212 -55 60 -46 -77 128 199 169 
TEST 7 ARG:222 -75 109 58 46 -158 -239 219 -25 -223 174 102 159 37 -227 244 235 105 -168 145 -105 215 -126 -157 132 -30 -133 99 197 -118 -99 108 148 -89 140 147 6 -195 -114 -222 53 -62 17 233 165 26 -33 -201 72 195 68 -212 -142 -149 191 -35 48 -194 214 78 -181 -19 -44 73 156 34 -131 -214 124 -117 -8 -85 -173 -137 175 -55 -115 -243 -216 98 155 -161 90 -163 -183 128 -178 216 -135 -128 43 -197 61 51 200 -11 -18 186 -193 -146 243 70 -155 55 149 28 -39 88 -230 207 91 -153 -107 -127 135 240 -150 -238 -22 248 -36 -138 -167 229 1 69 81 -140 23 -250 39 -184 180 -109 154 104 -246 75 -76 167 206 45 -3 95 187 -91 -77 -245 208 50 -190 -244 -186 212 -154 56 -148 -159 -196 -240 -63 -88 217 -54 -171 -121 27 11 2 -13 84 -51 96 -169 77 36 163 -228 -80 -170 35 -84 114 138 198 -95 136 -187 -68 -87 49 -160 41 150 14 -102 -124 9 -215 -220 171 -198 19 -134 -248 137 -65 18 -217 221 -6 13 110 -176 -50 -202 -73 86 -179 97 -9 93 -98 100 134 32 -231 -225 125 0 -92 -224 -69 172 232 -172 231 -208 67 122 230 -83 101 -232 31 201 20 -61 -123 -59 183 -235 5 -191 -207 228 213 -241 -132 -101 196 -188 246 -56 -23 204 118 -120 225 -5 176 -144 4 192 242 185 -46 71 245 -129 239 227 141 199 65 170 -40 92 87 -175 241 153 157 143 76 238 -164 -104 113 -82 -112 66 -236 -103 -67 -34 -21 94 -57 12 146 -116 -125 203 -29 62 151 -152 3 -38 -43 -66 -64 29 30 -237 22 -17 182 24 184 -93 -45 121 -1 -24 129 -185 117 164 -113 123 -97 -130 -100 139 74 -141 7 210 -247 -70 -111 -106 -209 181 -166 83 -204 -41 -203 -213 63 -31 -86 -48 38 103 -108 -4 -165 -42 -182 131 126 -90 52 -16 -79 -12 47 111 -211 -162 211 193 85 -10 -53 247 169 -226 40 -28 -221 -145 89 -122 -81 -78 82 -74 202 -180 -37 194 59 173 25 -229 16 130 120 223 -60 -15 -151 -49 -96 54 -177 -156 142 188 -139 -119 -58 249 33 226 64 119 160 -72 237 -27 166 190 -7 106 -47 8 209 112 10 -200 -94 -147 -233 144 -210 79 -218 -192 -110 168 -234 116 -219 162 15 -206 179 177 161 57 -52 -14 178 236 107 -71 218 224 21 42 189 80 -2 -199 -143 -32 152 -242 60 234 158 -249 44 -20 -205 -136 133 127 -189 115 220 -26 205 -174 
TEST 8 ARG:-212 -211 96 -7 78 56 -247 155 107 -135 -154 128 1 -62 151 80 -118 24 70 -90 87 213 -78 165 -77 -114 176 75 -202 -29 -198 -145 137 -106 22 15 242 120 174 -44 169 18 -144 -83 65 164 -87 104 -81 -50 -26 -250 -223 58 227 175 191 -206 -161 -99 232 -181 13 -240 82 61 117 193 206 -170 134 -165 -82 145 -88 -19 102 -141 -186 195 122 -176 -237 229 237 6 37 -235 -36 166 -14 -167 190 -232 -140 93 -233 -159 88 -171 -32 -64 -210 -224 19 -65 -196 -93 -92 43 -194 186 -48 -249 -51 -229 53 -231 21 -1 105 236 -230 -134 -190 -248 81 208 225 154 -151 -155 -219 -52 -203 -80 47 211 -68 218 2 -123 141 91 147 90 89 109 -41 -30 83 161 -227 -182 20 40 179 -238 -184 -246 168 23 17 -33 146 162 115 -5 -183 -234 -104 116 114 -120 -107 12 -122 194 -15 -113 -132 -117 -201 67 92 -163 183 31 209 -84 -192 -76 135 -45 9 50 48 -128 -133 217 163 132 10 -112 188 86 -28 -49 14 -143 244 223 -11 -221 -86 249 27 73 108 -243 -209 -16 -156 45 69 -162 -220 71 -218 133 -188 136 8 55 112 -175 240 -22 245 -158 -168 228 167 -116 110 97 26 121 197 60 204 76 -109 180 -69 159 198 -110 -12 103 199 -136 -37 118 -24 -217 -75 -115 -180 -72 172 -125 -53 34 25 -222 59 -169 196 -166 185 215 129 5 -119 126 -146 54 -47 -148 -59 -61 95 33 -216 226 153 131 62 170 -124 -174 -244 -164 -157 113 -152 74 -153 -55 -142 -179 -105 -89 -131 -138 150 -71 98 222 41 173 -6 207 63 -147 -43 202 -172 51 16 212 7 -97 -178 124 100 171 181 189 -215 -208 99 -56 -193 119 224 11 -103 184 -236 64 203 178 -197 127 220 243 35 -70 -4 205 -85 -38 -10 192 -241 30 149 -18 248 -199 -67 138 -228 101 111 -94 -185 -63 -189 -40 214 -173 -95 -31 216 156 182 -108 77 233 -57 219 -79 -195 -73 -200 -149 85 187 38 -25 241 46 231 -3 0 -239 -111 -137 79 4 44 -205 84 -74 200 -54 177 -8 -27 -100 -127 201 -160 -60 52 -21 -225 106 -101 247 28 42 94 -102 -226 -139 -98 -207 29 -35 -204 -20 -66 -214 123 230 152 -177 39 32 -42 -13 -121 148 -23 157 -213 235 49 139 -46 -150 -34 210 -2 144 -126 72 -242 239 -91 125 158 66 238 140 3 57 -96 160 -9 -191 -187 -17 142 -245 130 -58 -129 143 221 68 -130 234 -39 246 36 
TEST 9 ARG:-145 -209 -35 -106 192 -120 153 -122 183 79 -41 -234 -34 148 14 194 -141 -4 -243 49 -9 40 -185 -131 154 -249 24 -27 -42 -70 213 -225 -49 244 136 -217 228 -130 -25 -111 31 214 -95 230 -158 118 -222 -33 -65 -38 -88 130 -45 -203 -37 103 156 200 -156 206 -55 -231 -142 240 -56 123 157 124 181 171 -12 6 -6 -32 -179 82 -11 -224 -85 215 45 198 44 -30 -168 139 175 -187 -93 142 -115 -40 -229 -58 128 -165 -81 69 -181 197 -103 67 35 106 241 51 8 -57 96 117 119 246 87 -28 116 76 149 182 125 -186 -113 -204 -91 -101 -59 110 -210 66 90 84 -196 126 -151 227 -3 -150 -29 -86 -173 -149 95 1 168 32 -26 -22 231 196 131 -84 237 -19 -189 112 188 138 71 155 203 27 -178 -90 236 109 60 22 -238 115 226 -107 140 -162 -96 -134 -242 -51 121 -21 -172 161 57 193 -161 -64 -205 -221 -195 -153 93 23 -75 218 243 74 -54 -114 -69 -148 -237 92 75 134 -43 21 144 -126 -157 -135 127 -164 247 114 -176 160 224 3 -7 189 -108 10 -211 41 61 -73 64 221 47 -36 191 -184 143 -207 -31 -87 -133 151 50 -123 81 -132 -20 -170 229 184 -160 105 -244 85 19 -240 173 20 190 -232 -140 28 122 -241 135 225 -245 -233 55 -239 152 219 72 111 -68 17 242 91 207 -61 163 -112 -193 -10 165 235 -92 -163 223 68 38 -194 201 233 -53 -147 146 -208 29 -17 178 -230 -128 -167 -13 -89 -212 54 210 33 204 -129 -146 -235 26 -2 -15 234 -46 -138 9 -39 238 -247 25 -119 -136 13 -47 -250 -79 30 179 -248 170 248 63 147 -118 -226 -66 137 -159 199 94 186 -228 212 -18 43 249 53 -116 -139 -72 176 245 239 -180 -206 216 2 -182 132 -60 -23 222 -71 211 -246 205 169 208 -214 -127 -97 99 73 -14 150 -98 46 -67 101 -166 -117 166 185 -192 -124 104 -121 70 159 80 -63 -44 -236 5 4 -183 164 -213 -175 18 141 -174 113 102 42 -200 107 -201 97 -198 77 56 65 0 58 -219 -110 -94 -215 187 -177 16 -202 15 89 12 -83 -80 -223 167 11 180 -191 52 -218 98 39 145 177 -169 158 -8 59 174 133 -137 -74 -125 34 -48 -216 220 -154 162 -99 -16 -1 172 -77 -62 83 195 62 232 -24 -78 -104 78 7 37 -227 -105 -171 88 -199 -143 -155 202 -197 120 129 -52 -220 36 -76 108 100 -190 48 -82 -5 -144 -50 -152 209 -188 -100 -109 -102 86 217 
TEST 10 ARG:-141 -64 -30 37 -186 -247 -77 -108 -31 54 -207 -239 83 -168 207 205 131 -244 -237 213 -117 149 63 239 224 226 74 204 -160 -227 -132 145 223 5 -94 -142 -161 134 -232 -61 -116 -26 129 126 231 21 -36 -208 180 92 96 154 34 29 127 84 -75 -248 -104 87 55 -107 -6 -238 -98 171 41 -106 185 -112 -202 -49 -14 -7 -143 30 234 -162 93 80 -175 -58 168 91 235 141 49 228 101 1 8 -100 89 -70 -72 218 169 72 -74 -216 -44 184 -221 -151 24 -79 -95 240 -69 192 65 155 88 -185 148 173 111 -5 3 225 -148 238 -96 9 -88 11 -101 16 -245 -103 -1 -183 181 -167 -157 -250 -57 -53 71 19 -122 40 26 -68 38 -242 17 -134 62 -170 188 233 150 -19 200 -41 -119 210 -139 -187 46 206 -188 133 69 105 -2 -34 -214 -209 172 -198 -211 76 4 241 10 215 177 -150 -156 -127 -223 -48 64 -184 -138 -155 144 -59 58 -163 -220 -219 -182 59 178 -10 61 248 -147 179 186 14 -55 -13 104 -154 70 100 247 -21 112 -231 -173 245 -12 73 13 117 42 124 202 136 146 214 -3 201 -105 32 108 75 99 -73 -86 -38 -126 -28 -82 142 -181 -204 -205 151 -218 -25 137 -236 152 36 -230 2 -39 -233 -46 -194 -206 81 237 -224 203 -115 -99 44 -40 -62 114 161 18 68 90 116 -4 -174 -50 60 -15 -76 -45 15 -67 -123 244 229 79 -84 -165 103 164 -249 -87 -63 -229 163 -35 -37 128 66 199 78 219 -33 166 -146 -131 -110 -166 157 107 121 212 232 182 -120 67 -129 -213 198 211 -51 52 57 -121 190 -16 -60 -111 -234 167 -114 35 197 189 -91 25 -135 -212 -195 -118 191 86 -176 195 159 47 -22 -145 132 48 95 97 -85 82 220 -56 217 -11 -201 242 216 -65 -159 113 227 -78 174 -125 -102 51 28 -128 -9 -241 187 156 85 -43 -153 -177 -203 125 -130 98 -149 -164 -235 -29 -172 6 -178 221 -27 -113 12 130 -191 138 -192 -171 147 209 153 -23 246 -189 110 115 -200 -20 -83 194 -228 170 236 -246 77 162 -42 102 27 -52 -225 56 139 109 243 -24 -180 176 135 22 23 140 -196 -179 193 -90 -226 -199 158 249 119 -97 122 94 20 106 -222 208 -109 143 -47 45 0 -169 -243 222 31 -92 -190 183 -193 -8 -32 -124 -197 118 -133 -215 -89 53 -217 -152 -66 165 -137 -81 -240 -18 -71 196 -158 -136 -144 50 160 7 120 39 -54 -80 -93 33 123 -140 230 43 -17 175 -210 
All size test
TEST LEAKS 5 ARG:1 0 
TEST LEAKS 5 ARG:1 0 2 
TEST LEAKS 5 ARG:3 2 1 0 
TEST LEAKS 5 ARG:0 2 3 4 1 
TEST LEAKS 5 ARG:4 2 5 1 0 3 
TEST LEAKS 5 ARG:5 0 4 2 6 3 1 
TEST LEAKS 5 ARG:0 2 6 5 7 4 3 1 
TEST LEAKS 5 ARG:0 3 2 4 8 7 5 1 6 
